start=415.359979
volume=98.000000
