start=567.243000
speed=1.210000
