start=288.554151
speed=1.100000
