start=30581.951400
speed=1.100000
