start=7717.536000
sid=2
video-zoom=0.000000
