start=1020.166667
speed=1.100000
volume=102.000000
