start=280.766667
speed=1.100000
volume=102.000000
