start=703.666667
volume=98.000000
