start=452.556674
speed=1.210000
volume=120.000000
