start=1572.900000
speed=1.100000
volume=102.000000
