start=155.822333
volume=52.000000
