start=202.500000
speed=1.100000
volume=102.000000
