start=188.100000
speed=1.100000
volume=102.000000
