start=413.566667
speed=1.100000
volume=102.000000
