start=412.202667
volume=98.000000
