start=747.775963
speed=1.100000
volume=102.000000
