start=1005.823990
speed=1.100000
volume=102.000000
