start=469.162667
volume=98.000000
