start=216.466667
volume=98.000000
