start=63.033333
speed=1.100000
volume=102.000000
