start=207.300000
speed=1.100000
volume=102.000000
