start=185.856000
volume=98.000000
